; FBX 6.1.0 project file
; ----------------------------------------------------

FBXHeaderExtension:  {
	FBXHeaderVersion: 1003
	FBXVersion: 6100
}
CreationTime: "2021-11-03 10:23:53:000"

; Object definitions
;------------------------------------------------------------------

Definitions:  {
	Version: 100
	Count: 64
	ObjectType: "Model" {
		Count: 63
	}
	ObjectType: "Geometry" {
		Count: 0
	}
	ObjectType: "Pose" {
		Count: 1
	}
	ObjectType: "GlobalSettings" {
		Count: 1
	}
}

; Object properties
;------------------------------------------------------------------

Objects:  {
	Model: "Model::ExampleRig01", "Limb" {
		Version: 232
		Properties60:  {
			Property: "QuaternionInterpolate", "bool", "",0
			Property: "Lcl Translation", "Lcl Translation", "A+",0.000000000000000,0.000000000000000,0.000000000000000
			Property: "Lcl Rotation", "Lcl Rotation", "A+",0.000002504478065,-0.000000000000000,0.000000000000000
			Property: "Lcl Scaling", "Lcl Scaling", "A+",1.0,1.0,1.0
		}
		MultiLayer: 0
		MultiTake: 1
		Shading: Y
		Culling: "CullingOff"
		TypeFlags: "Skeleton"
	}
	Model: "Model::root", "Limb" {
		Version: 232
		Properties60:  {
			Property: "QuaternionInterpolate", "bool", "",0
			Property: "Lcl Translation", "Lcl Translation", "A+",0.000000000000000,0.000000000000000,0.000000000000000
			Property: "Lcl Rotation", "Lcl Rotation", "A+",0.000005008955724,0.000000000000394,-0.000003968822947
			Property: "Lcl Scaling", "Lcl Scaling", "A+",1.0,1.0,1.0
		}
		MultiLayer: 0
		MultiTake: 1
		Shading: Y
		Culling: "CullingOff"
		TypeFlags: "Skeleton"
	}
	Model: "Model::B-hips", "Limb" {
		Version: 232
		Properties60:  {
			Property: "QuaternionInterpolate", "bool", "",0
			Property: "Lcl Translation", "Lcl Translation", "A+",-0.000006684580057,88.539947509765625,-4.155290126800537
			Property: "Lcl Rotation", "Lcl Rotation", "A+",0.000000226441423,-1.396831528430134,90.000002504348856
			Property: "Lcl Scaling", "Lcl Scaling", "A+",1.0,1.0,1.0
		}
		MultiLayer: 0
		MultiTake: 1
		Shading: Y
		Culling: "CullingOff"
		TypeFlags: "Skeleton"
	}
	Model: "Model::B-spine", "Limb" {
		Version: 232
		Properties60:  {
			Property: "QuaternionInterpolate", "bool", "",0
			Property: "Lcl Translation", "Lcl Translation", "A+",17.945907592773438,0.000001354878123,0.000000238418579
			Property: "Lcl Rotation", "Lcl Rotation", "A+",0.000000303459063,-4.012863776536840,-0.000000010631131
			Property: "Lcl Scaling", "Lcl Scaling", "A+",1.0,1.0,1.0
		}
		MultiLayer: 0
		MultiTake: 1
		Shading: Y
		Culling: "CullingOff"
		TypeFlags: "Skeleton"
	}
	Model: "Model::B-chest", "Limb" {
		Version: 232
		Properties60:  {
			Property: "QuaternionInterpolate", "bool", "",0
			Property: "Lcl Translation", "Lcl Translation", "A+",15.002983093261719,0.000001132693569,0.000000238418579
			Property: "Lcl Rotation", "Lcl Rotation", "A+",-0.000000817234976,10.698506933795475,-0.000000076521035
			Property: "Lcl Scaling", "Lcl Scaling", "A+",1.0,1.0,1.0
		}
		MultiLayer: 0
		MultiTake: 1
		Shading: Y
		Culling: "CullingOff"
		TypeFlags: "Skeleton"
	}
	Model: "Model::B-upperChest", "Limb" {
		Version: 232
		Properties60:  {
			Property: "QuaternionInterpolate", "bool", "",0
			Property: "Lcl Translation", "Lcl Translation", "A+",14.210981369018555,0.000001072898613,0.000000238418579
			Property: "Lcl Rotation", "Lcl Rotation", "A+",0.000000267680800,-3.541024703719517,-0.000000008274442
			Property: "Lcl Scaling", "Lcl Scaling", "A+",1.0,1.0,1.0
		}
		MultiLayer: 0
		MultiTake: 1
		Shading: Y
		Culling: "CullingOff"
		TypeFlags: "Skeleton"
	}
	Model: "Model::B-neck", "Limb" {
		Version: 232
		Properties60:  {
			Property: "QuaternionInterpolate", "bool", "",0
			Property: "Lcl Translation", "Lcl Translation", "A+",20.774671554565430,0.000001568444873,-0.000000476837158
			Property: "Lcl Rotation", "Lcl Rotation", "A+",0.000000884253640,-11.553127523502923,-0.000000089453768
			Property: "Lcl Scaling", "Lcl Scaling", "A+",1.0,1.0,1.0
		}
		MultiLayer: 0
		MultiTake: 1
		Shading: Y
		Culling: "CullingOff"
		TypeFlags: "Skeleton"
	}
	Model: "Model::B-head", "Limb" {
		Version: 232
		Properties60:  {
			Property: "QuaternionInterpolate", "bool", "",0
			Property: "Lcl Translation", "Lcl Translation", "A+",6.786167144775391,0.000000512340023,-0.000000953674316
			Property: "Lcl Rotation", "Lcl Rotation", "A+",-0.000000517468512,6.821660398163719,-0.000000030841584
			Property: "Lcl Scaling", "Lcl Scaling", "A+",1.0,1.0,1.0
		}
		MultiLayer: 0
		MultiTake: 1
		Shading: Y
		Culling: "CullingOff"
		TypeFlags: "Skeleton"
	}
	Model: "Model::B-jaw", "Limb" {
		Version: 232
		Properties60:  {
			Property: "QuaternionInterpolate", "bool", "",0
			Property: "Lcl Translation", "Lcl Translation", "A+",0.399750709533691,0.000000030180061,-0.183753490447998
			Property: "Lcl Rotation", "Lcl Rotation", "A+",0.000199316412366,-102.664819301124268,0.000024055607590
			Property: "Lcl Scaling", "Lcl Scaling", "A+",1.0,1.0,1.0
		}
		MultiLayer: 0
		MultiTake: 1
		Shading: Y
		Culling: "CullingOff"
		TypeFlags: "Skeleton"
	}
	Model: "Model::B-shoulder.L", "Limb" {
		Version: 232
		Properties60:  {
			Property: "QuaternionInterpolate", "bool", "",0
			Property: "Lcl Translation", "Lcl Translation", "A+",20.774671554565430,0.000001568444873,-0.000000476837158
			Property: "Lcl Rotation", "Lcl Rotation", "A+",-90.344018642274392,10.985068374196594,-99.113940555423142
			Property: "Lcl Scaling", "Lcl Scaling", "A+",1.0,1.0,1.0
		}
		MultiLayer: 0
		MultiTake: 1
		Shading: Y
		Culling: "CullingOff"
		TypeFlags: "Skeleton"
	}
	Model: "Model::B-upper_arm.L", "Limb" {
		Version: 232
		Properties60:  {
			Property: "QuaternionInterpolate", "bool", "",0
			Property: "Lcl Translation", "Lcl Translation", "A+",17.239255905151367,-0.139322519302368,-6.861155986785889
			Property: "Lcl Rotation", "Lcl Rotation", "A+",88.671407767378227,5.790616875968742,-4.602329592475604
			Property: "Lcl Scaling", "Lcl Scaling", "A+",1.0,1.0,1.0
		}
		MultiLayer: 0
		MultiTake: 1
		Shading: Y
		Culling: "CullingOff"
		TypeFlags: "Skeleton"
	}
	Model: "Model::B-forearm.L", "Limb" {
		Version: 232
		Properties60:  {
			Property: "QuaternionInterpolate", "bool", "",0
			Property: "Lcl Translation", "Lcl Translation", "A+",24.156953811645508,-0.000008940696716,0.000000238418579
			Property: "Lcl Rotation", "Lcl Rotation", "A+",3.408551904106841,-25.559548006296886,-0.435634267739547
			Property: "Lcl Scaling", "Lcl Scaling", "A+",1.0,1.0,1.0
		}
		MultiLayer: 0
		MultiTake: 1
		Shading: Y
		Culling: "CullingOff"
		TypeFlags: "Skeleton"
	}
	Model: "Model::B-hand.L", "Limb" {
		Version: 232
		Properties60:  {
			Property: "QuaternionInterpolate", "bool", "",0
			Property: "Lcl Translation", "Lcl Translation", "A+",26.793483734130859,-0.000015778467059,-0.000002145767212
			Property: "Lcl Rotation", "Lcl Rotation", "A+",89.077401041832360,-4.412713295832567,4.361744716698713
			Property: "Lcl Scaling", "Lcl Scaling", "A+",1.0,1.0,1.0
		}
		MultiLayer: 0
		MultiTake: 1
		Shading: Y
		Culling: "CullingOff"
		TypeFlags: "Skeleton"
	}
	Model: "Model::B-palm_01.L", "Limb" {
		Version: 232
		Properties60:  {
			Property: "QuaternionInterpolate", "bool", "",0
			Property: "Lcl Translation", "Lcl Translation", "A+",6.908302307128906,3.318556308746338,0.420557439327240
			Property: "Lcl Rotation", "Lcl Rotation", "A+",-1.451739099002670,-4.776862696997158,2.088797352912897
			Property: "Lcl Scaling", "Lcl Scaling", "A+",1.0,1.0,1.0
		}
		MultiLayer: 0
		MultiTake: 1
		Shading: Y
		Culling: "CullingOff"
		TypeFlags: "Skeleton"
	}
	Model: "Model::B-f_index_01.L", "Limb" {
		Version: 232
		Properties60:  {
			Property: "QuaternionInterpolate", "bool", "",0
			Property: "Lcl Translation", "Lcl Translation", "A+",6.574795722961426,-0.000000238418579,-0.000006318092346
			Property: "Lcl Rotation", "Lcl Rotation", "A+",0.066365513060014,-1.873872857517472,-1.099990653328160
			Property: "Lcl Scaling", "Lcl Scaling", "A+",1.0,1.0,1.0
		}
		MultiLayer: 0
		MultiTake: 1
		Shading: Y
		Culling: "CullingOff"
		TypeFlags: "Skeleton"
	}
	Model: "Model::B-f_index_02.L", "Limb" {
		Version: 232
		Properties60:  {
			Property: "QuaternionInterpolate", "bool", "",0
			Property: "Lcl Translation", "Lcl Translation", "A+",4.077976703643799,0.000000238418579,0.000006675720215
			Property: "Lcl Rotation", "Lcl Rotation", "A+",-0.293718037908255,-0.000439843974210,-0.000036759055242
			Property: "Lcl Scaling", "Lcl Scaling", "A+",1.0,1.0,1.0
		}
		MultiLayer: 0
		MultiTake: 1
		Shading: Y
		Culling: "CullingOff"
		TypeFlags: "Skeleton"
	}
	Model: "Model::B-f_index_03.L", "Limb" {
		Version: 232
		Properties60:  {
			Property: "QuaternionInterpolate", "bool", "",0
			Property: "Lcl Translation", "Lcl Translation", "A+",3.552223682403564,0.000003337860107,-0.000004678964615
			Property: "Lcl Rotation", "Lcl Rotation", "A+",1.092312240040608,3.523994480797761,1.429236187008450
			Property: "Lcl Scaling", "Lcl Scaling", "A+",1.0,1.0,1.0
		}
		MultiLayer: 0
		MultiTake: 1
		Shading: Y
		Culling: "CullingOff"
		TypeFlags: "Skeleton"
	}
	Model: "Model::B-thumb_01.L", "Limb" {
		Version: 232
		Properties60:  {
			Property: "QuaternionInterpolate", "bool", "",0
			Property: "Lcl Translation", "Lcl Translation", "A+",-3.226207733154297,-0.938786745071411,0.730066657066345
			Property: "Lcl Rotation", "Lcl Rotation", "A+",75.887738848855591,-20.536963277493349,57.502331263690060
			Property: "Lcl Scaling", "Lcl Scaling", "A+",1.0,1.0,1.0
		}
		MultiLayer: 0
		MultiTake: 1
		Shading: Y
		Culling: "CullingOff"
		TypeFlags: "Skeleton"
	}
	Model: "Model::B-thumb_02.L", "Limb" {
		Version: 232
		Properties60:  {
			Property: "QuaternionInterpolate", "bool", "",0
			Property: "Lcl Translation", "Lcl Translation", "A+",5.476181507110596,0.000016212463379,0.000003457069397
			Property: "Lcl Rotation", "Lcl Rotation", "A+",-35.133249996066169,11.412910570031931,8.835478922576085
			Property: "Lcl Scaling", "Lcl Scaling", "A+",1.0,1.0,1.0
		}
		MultiLayer: 0
		MultiTake: 1
		Shading: Y
		Culling: "CullingOff"
		TypeFlags: "Skeleton"
	}
	Model: "Model::B-thumb_03.L", "Limb" {
		Version: 232
		Properties60:  {
			Property: "QuaternionInterpolate", "bool", "",0
			Property: "Lcl Translation", "Lcl Translation", "A+",4.505302429199219,-0.000000953674316,-0.000000715255737
			Property: "Lcl Rotation", "Lcl Rotation", "A+",1.794707123055730,4.284106383290112,-0.293198623366217
			Property: "Lcl Scaling", "Lcl Scaling", "A+",1.0,1.0,1.0
		}
		MultiLayer: 0
		MultiTake: 1
		Shading: Y
		Culling: "CullingOff"
		TypeFlags: "Skeleton"
	}
	Model: "Model::B-palm_02.L", "Limb" {
		Version: 232
		Properties60:  {
			Property: "QuaternionInterpolate", "bool", "",0
			Property: "Lcl Translation", "Lcl Translation", "A+",7.204938888549805,1.199669361114502,-0.369646698236465
			Property: "Lcl Rotation", "Lcl Rotation", "A+",0.743004039529640,-6.013775377852017,-6.400624058949466
			Property: "Lcl Scaling", "Lcl Scaling", "A+",1.0,1.0,1.0
		}
		MultiLayer: 0
		MultiTake: 1
		Shading: Y
		Culling: "CullingOff"
		TypeFlags: "Skeleton"
	}
	Model: "Model::B-f_middle_01.L", "Limb" {
		Version: 232
		Properties60:  {
			Property: "QuaternionInterpolate", "bool", "",0
			Property: "Lcl Translation", "Lcl Translation", "A+",6.142745971679688,-0.000001430511475,-0.000005707144737
			Property: "Lcl Rotation", "Lcl Rotation", "A+",0.511727057405023,2.164775523466363,-2.589407957278623
			Property: "Lcl Scaling", "Lcl Scaling", "A+",1.0,1.0,1.0
		}
		MultiLayer: 0
		MultiTake: 1
		Shading: Y
		Culling: "CullingOff"
		TypeFlags: "Skeleton"
	}
	Model: "Model::B-f_middle_02.L", "Limb" {
		Version: 232
		Properties60:  {
			Property: "QuaternionInterpolate", "bool", "",0
			Property: "Lcl Translation", "Lcl Translation", "A+",4.265799522399902,-0.000001907348633,-0.000003948807716
			Property: "Lcl Rotation", "Lcl Rotation", "A+",0.038066968776580,0.000135186998040,0.000108687621998
			Property: "Lcl Scaling", "Lcl Scaling", "A+",1.0,1.0,1.0
		}
		MultiLayer: 0
		MultiTake: 1
		Shading: Y
		Culling: "CullingOff"
		TypeFlags: "Skeleton"
	}
	Model: "Model::B-f_middle_03.L", "Limb" {
		Version: 232
		Properties60:  {
			Property: "QuaternionInterpolate", "bool", "",0
			Property: "Lcl Translation", "Lcl Translation", "A+",3.715813636779785,0.000000953674316,0.000003494322300
			Property: "Lcl Rotation", "Lcl Rotation", "A+",0.525348589044125,3.604815895802994,1.093315424074952
			Property: "Lcl Scaling", "Lcl Scaling", "A+",1.0,1.0,1.0
		}
		MultiLayer: 0
		MultiTake: 1
		Shading: Y
		Culling: "CullingOff"
		TypeFlags: "Skeleton"
	}
	Model: "Model::B-palm_03.L", "Limb" {
		Version: 232
		Properties60:  {
			Property: "QuaternionInterpolate", "bool", "",0
			Property: "Lcl Translation", "Lcl Translation", "A+",6.600199699401855,-1.152520179748535,-1.095259070396423
			Property: "Lcl Rotation", "Lcl Rotation", "A+",-9.329082179740212,-9.239254093097273,-10.973811368670782
			Property: "Lcl Scaling", "Lcl Scaling", "A+",1.0,1.0,1.0
		}
		MultiLayer: 0
		MultiTake: 1
		Shading: Y
		Culling: "CullingOff"
		TypeFlags: "Skeleton"
	}
	Model: "Model::B-f_ring_01.L", "Limb" {
		Version: 232
		Properties60:  {
			Property: "QuaternionInterpolate", "bool", "",0
			Property: "Lcl Translation", "Lcl Translation", "A+",6.084474086761475,-0.000000715255737,0.000001281499863
			Property: "Lcl Rotation", "Lcl Rotation", "A+",7.768344680806814,3.114727197853658,-9.552104077840086
			Property: "Lcl Scaling", "Lcl Scaling", "A+",1.0,1.0,1.0
		}
		MultiLayer: 0
		MultiTake: 1
		Shading: Y
		Culling: "CullingOff"
		TypeFlags: "Skeleton"
	}
	Model: "Model::B-f_ring_02.L", "Limb" {
		Version: 232
		Properties60:  {
			Property: "QuaternionInterpolate", "bool", "",0
			Property: "Lcl Translation", "Lcl Translation", "A+",4.007753849029541,-0.000000476837158,0.000005885958672
			Property: "Lcl Rotation", "Lcl Rotation", "A+",0.221330132279616,-0.000157011769258,-0.000181197263170
			Property: "Lcl Scaling", "Lcl Scaling", "A+",1.0,1.0,1.0
		}
		MultiLayer: 0
		MultiTake: 1
		Shading: Y
		Culling: "CullingOff"
		TypeFlags: "Skeleton"
	}
	Model: "Model::B-f_ring_03.L", "Limb" {
		Version: 232
		Properties60:  {
			Property: "QuaternionInterpolate", "bool", "",0
			Property: "Lcl Translation", "Lcl Translation", "A+",3.491068601608276,0.000000953674316,0.000022970139980
			Property: "Lcl Rotation", "Lcl Rotation", "A+",1.135357372850435,3.637222582093719,1.097261138981098
			Property: "Lcl Scaling", "Lcl Scaling", "A+",1.0,1.0,1.0
		}
		MultiLayer: 0
		MultiTake: 1
		Shading: Y
		Culling: "CullingOff"
		TypeFlags: "Skeleton"
	}
	Model: "Model::B-palm_04.L", "Limb" {
		Version: 232
		Properties60:  {
			Property: "QuaternionInterpolate", "bool", "",0
			Property: "Lcl Translation", "Lcl Translation", "A+",5.868004798889160,-2.975203752517700,-1.202065587043762
			Property: "Lcl Rotation", "Lcl Rotation", "A+",0.343390828770939,-8.629392478523233,-19.496122702707648
			Property: "Lcl Scaling", "Lcl Scaling", "A+",1.0,1.0,1.0
		}
		MultiLayer: 0
		MultiTake: 1
		Shading: Y
		Culling: "CullingOff"
		TypeFlags: "Skeleton"
	}
	Model: "Model::B-f_pinky_01.L", "Limb" {
		Version: 232
		Properties60:  {
			Property: "QuaternionInterpolate", "bool", "",0
			Property: "Lcl Translation", "Lcl Translation", "A+",5.712862491607666,0.000001013278961,-0.000008418224752
			Property: "Lcl Rotation", "Lcl Rotation", "A+",-5.618962269295521,-3.905888499982608,-11.414501150334896
			Property: "Lcl Scaling", "Lcl Scaling", "A+",1.0,1.0,1.0
		}
		MultiLayer: 0
		MultiTake: 1
		Shading: Y
		Culling: "CullingOff"
		TypeFlags: "Skeleton"
	}
	Model: "Model::B-f_pinky_02.L", "Limb" {
		Version: 232
		Properties60:  {
			Property: "QuaternionInterpolate", "bool", "",0
			Property: "Lcl Translation", "Lcl Translation", "A+",3.135936498641968,-0.000001549720764,0.000005714595318
			Property: "Lcl Rotation", "Lcl Rotation", "A+",-0.002498675089017,-0.000613970650792,-0.000031896400962
			Property: "Lcl Scaling", "Lcl Scaling", "A+",1.0,1.0,1.0
		}
		MultiLayer: 0
		MultiTake: 1
		Shading: Y
		Culling: "CullingOff"
		TypeFlags: "Skeleton"
	}
	Model: "Model::B-f_pinky_03.L", "Limb" {
		Version: 232
		Properties60:  {
			Property: "QuaternionInterpolate", "bool", "",0
			Property: "Lcl Translation", "Lcl Translation", "A+",2.731650590896606,-0.000001192092896,-0.000000059604645
			Property: "Lcl Rotation", "Lcl Rotation", "A+",2.056054066362138,4.565961823353100,1.568175468217826
			Property: "Lcl Scaling", "Lcl Scaling", "A+",1.0,1.0,1.0
		}
		MultiLayer: 0
		MultiTake: 1
		Shading: Y
		Culling: "CullingOff"
		TypeFlags: "Skeleton"
	}
	Model: "Model::B-shoulder.R", "Limb" {
		Version: 232
		Properties60:  {
			Property: "QuaternionInterpolate", "bool", "",0
			Property: "Lcl Translation", "Lcl Translation", "A+",20.774671554565430,0.000001568444873,-0.000000476837158
			Property: "Lcl Rotation", "Lcl Rotation", "A+",90.344004981896049,10.985082888348581,99.113933725233977
			Property: "Lcl Scaling", "Lcl Scaling", "A+",1.0,1.0,1.0
		}
		MultiLayer: 0
		MultiTake: 1
		Shading: Y
		Culling: "CullingOff"
		TypeFlags: "Skeleton"
	}
	Model: "Model::B-upper_arm.R", "Limb" {
		Version: 232
		Properties60:  {
			Property: "QuaternionInterpolate", "bool", "",0
			Property: "Lcl Translation", "Lcl Translation", "A+",17.239253997802734,0.139325022697449,-6.861141204833984
			Property: "Lcl Rotation", "Lcl Rotation", "A+",-88.671407767378227,5.790610045779572,4.602338983985712
			Property: "Lcl Scaling", "Lcl Scaling", "A+",1.0,1.0,1.0
		}
		MultiLayer: 0
		MultiTake: 1
		Shading: Y
		Culling: "CullingOff"
		TypeFlags: "Skeleton"
	}
	Model: "Model::B-forearm.R", "Limb" {
		Version: 232
		Properties60:  {
			Property: "QuaternionInterpolate", "bool", "",0
			Property: "Lcl Translation", "Lcl Translation", "A+",24.156959533691406,-0.000001609325409,0.000000894069672
			Property: "Lcl Rotation", "Lcl Rotation", "A+",-3.408575382882113,-25.559537761013132,0.435694832307578
			Property: "Lcl Scaling", "Lcl Scaling", "A+",1.0,1.0,1.0
		}
		MultiLayer: 0
		MultiTake: 1
		Shading: Y
		Culling: "CullingOff"
		TypeFlags: "Skeleton"
	}
	Model: "Model::B-hand.R", "Limb" {
		Version: 232
		Properties60:  {
			Property: "QuaternionInterpolate", "bool", "",0
			Property: "Lcl Translation", "Lcl Translation", "A+",26.793485641479492,0.000015927944332,-0.000000357627869
			Property: "Lcl Rotation", "Lcl Rotation", "A+",-89.077394211643195,-4.412725675550438,-4.361797223777957
			Property: "Lcl Scaling", "Lcl Scaling", "A+",1.0,1.0,1.0
		}
		MultiLayer: 0
		MultiTake: 1
		Shading: Y
		Culling: "CullingOff"
		TypeFlags: "Skeleton"
	}
	Model: "Model::B-palm_01.R", "Limb" {
		Version: 232
		Properties60:  {
			Property: "QuaternionInterpolate", "bool", "",0
			Property: "Lcl Translation", "Lcl Translation", "A+",6.908304214477539,-3.318554401397705,0.420553028583527
			Property: "Lcl Rotation", "Lcl Rotation", "A+",1.451742620818961,-4.776877211149144,-2.088791589940785
			Property: "Lcl Scaling", "Lcl Scaling", "A+",1.0,1.0,1.0
		}
		MultiLayer: 0
		MultiTake: 1
		Shading: Y
		Culling: "CullingOff"
		TypeFlags: "Skeleton"
	}
	Model: "Model::B-f_index_01.R", "Limb" {
		Version: 232
		Properties60:  {
			Property: "QuaternionInterpolate", "bool", "",0
			Property: "Lcl Translation", "Lcl Translation", "A+",6.574793815612793,0.000002861022949,0.000003248453140
			Property: "Lcl Rotation", "Lcl Rotation", "A+",-0.066364078987092,-1.873861971903483,1.099984783634342
			Property: "Lcl Scaling", "Lcl Scaling", "A+",1.0,1.0,1.0
		}
		MultiLayer: 0
		MultiTake: 1
		Shading: Y
		Culling: "CullingOff"
		TypeFlags: "Skeleton"
	}
	Model: "Model::B-f_index_02.R", "Limb" {
		Version: 232
		Properties60:  {
			Property: "QuaternionInterpolate", "bool", "",0
			Property: "Lcl Translation", "Lcl Translation", "A+",4.077990531921387,0.000002861022949,0.000007539987564
			Property: "Lcl Rotation", "Lcl Rotation", "A+",0.293718624877636,-0.000436065723586,0.000040824188844
			Property: "Lcl Scaling", "Lcl Scaling", "A+",1.0,1.0,1.0
		}
		MultiLayer: 0
		MultiTake: 1
		Shading: Y
		Culling: "CullingOff"
		TypeFlags: "Skeleton"
	}
	Model: "Model::B-f_index_03.R", "Limb" {
		Version: 232
		Properties60:  {
			Property: "QuaternionInterpolate", "bool", "",0
			Property: "Lcl Translation", "Lcl Translation", "A+",3.552225589752197,0.000004053115845,-0.000001460313797
			Property: "Lcl Rotation", "Lcl Rotation", "A+",-1.092311386266961,3.523990852259764,-1.429235653399921
			Property: "Lcl Scaling", "Lcl Scaling", "A+",1.0,1.0,1.0
		}
		MultiLayer: 0
		MultiTake: 1
		Shading: Y
		Culling: "CullingOff"
		TypeFlags: "Skeleton"
	}
	Model: "Model::B-thumb_01.R", "Limb" {
		Version: 232
		Properties60:  {
			Property: "QuaternionInterpolate", "bool", "",0
			Property: "Lcl Translation", "Lcl Translation", "A+",-3.226210594177246,0.938787937164307,0.730085790157318
			Property: "Lcl Rotation", "Lcl Rotation", "A+",-75.887718358288069,-20.536963277493349,-57.502338093879231
			Property: "Lcl Scaling", "Lcl Scaling", "A+",1.0,1.0,1.0
		}
		MultiLayer: 0
		MultiTake: 1
		Shading: Y
		Culling: "CullingOff"
		TypeFlags: "Skeleton"
	}
	Model: "Model::B-thumb_02.R", "Limb" {
		Version: 232
		Properties60:  {
			Property: "QuaternionInterpolate", "bool", "",0
			Property: "Lcl Translation", "Lcl Translation", "A+",5.476182460784912,0.000000715255737,0.000002622604370
			Property: "Lcl Rotation", "Lcl Rotation", "A+",35.133229505498662,11.412913131352871,-8.835475507481501
			Property: "Lcl Scaling", "Lcl Scaling", "A+",1.0,1.0,1.0
		}
		MultiLayer: 0
		MultiTake: 1
		Shading: Y
		Culling: "CullingOff"
		TypeFlags: "Skeleton"
	}
	Model: "Model::B-thumb_03.R", "Limb" {
		Version: 232
		Properties60:  {
			Property: "QuaternionInterpolate", "bool", "",0
			Property: "Lcl Translation", "Lcl Translation", "A+",4.505299568176270,0.000008106231689,-0.000003814697266
			Property: "Lcl Rotation", "Lcl Rotation", "A+",-1.794708617159611,4.284108944611051,0.293200250872230
			Property: "Lcl Scaling", "Lcl Scaling", "A+",1.0,1.0,1.0
		}
		MultiLayer: 0
		MultiTake: 1
		Shading: Y
		Culling: "CullingOff"
		TypeFlags: "Skeleton"
	}
	Model: "Model::B-palm_02.R", "Limb" {
		Version: 232
		Properties60:  {
			Property: "QuaternionInterpolate", "bool", "",0
			Property: "Lcl Translation", "Lcl Translation", "A+",7.204939842224121,-1.199668645858765,-0.369651228189468
			Property: "Lcl Rotation", "Lcl Rotation", "A+",-0.743000944600172,-6.013789038230357,6.400632169799105
			Property: "Lcl Scaling", "Lcl Scaling", "A+",1.0,1.0,1.0
		}
		MultiLayer: 0
		MultiTake: 1
		Shading: Y
		Culling: "CullingOff"
		TypeFlags: "Skeleton"
	}
	Model: "Model::B-f_middle_01.R", "Limb" {
		Version: 232
		Properties60:  {
			Property: "QuaternionInterpolate", "bool", "",0
			Property: "Lcl Translation", "Lcl Translation", "A+",6.142743110656738,0.000000476837158,-0.000011343508959
			Property: "Lcl Rotation", "Lcl Rotation", "A+",-0.511728017900375,2.164778511674125,2.589406249731331
			Property: "Lcl Scaling", "Lcl Scaling", "A+",1.0,1.0,1.0
		}
		MultiLayer: 0
		MultiTake: 1
		Shading: Y
		Culling: "CullingOff"
		TypeFlags: "Skeleton"
	}
	Model: "Model::B-f_middle_02.R", "Limb" {
		Version: 232
		Properties60:  {
			Property: "QuaternionInterpolate", "bool", "",0
			Property: "Lcl Translation", "Lcl Translation", "A+",4.265802383422852,0.000000000000000,0.000011406838894
			Property: "Lcl Rotation", "Lcl Rotation", "A+",-0.038067102178713,0.000132890748701,-0.000113862862617
			Property: "Lcl Scaling", "Lcl Scaling", "A+",1.0,1.0,1.0
		}
		MultiLayer: 0
		MultiTake: 1
		Shading: Y
		Culling: "CullingOff"
		TypeFlags: "Skeleton"
	}
	Model: "Model::B-f_middle_03.R", "Limb" {
		Version: 232
		Properties60:  {
			Property: "QuaternionInterpolate", "bool", "",0
			Property: "Lcl Translation", "Lcl Translation", "A+",3.715823173522949,-0.000000953674316,0.000009298324585
			Property: "Lcl Rotation", "Lcl Rotation", "A+",-0.525349762982888,3.604824433539457,-1.093313929971071
			Property: "Lcl Scaling", "Lcl Scaling", "A+",1.0,1.0,1.0
		}
		MultiLayer: 0
		MultiTake: 1
		Shading: Y
		Culling: "CullingOff"
		TypeFlags: "Skeleton"
	}
	Model: "Model::B-palm_03.R", "Limb" {
		Version: 232
		Properties60:  {
			Property: "QuaternionInterpolate", "bool", "",0
			Property: "Lcl Translation", "Lcl Translation", "A+",6.600201606750488,1.152521967887878,-1.095279097557068
			Property: "Lcl Rotation", "Lcl Rotation", "A+",9.329083887287505,-9.239264338381027,10.973814783765368
			Property: "Lcl Scaling", "Lcl Scaling", "A+",1.0,1.0,1.0
		}
		MultiLayer: 0
		MultiTake: 1
		Shading: Y
		Culling: "CullingOff"
		TypeFlags: "Skeleton"
	}
	Model: "Model::B-f_ring_01.R", "Limb" {
		Version: 232
		Properties60:  {
			Property: "QuaternionInterpolate", "bool", "",0
			Property: "Lcl Translation", "Lcl Translation", "A+",6.084482192993164,-0.000001192092896,-0.000004321336746
			Property: "Lcl Rotation", "Lcl Rotation", "A+",-7.768342119485874,3.114726984410246,9.552100662745502
			Property: "Lcl Scaling", "Lcl Scaling", "A+",1.0,1.0,1.0
		}
		MultiLayer: 0
		MultiTake: 1
		Shading: Y
		Culling: "CullingOff"
		TypeFlags: "Skeleton"
	}
	Model: "Model::B-f_ring_02.R", "Limb" {
		Version: 232
		Properties60:  {
			Property: "QuaternionInterpolate", "bool", "",0
			Property: "Lcl Translation", "Lcl Translation", "A+",4.007752418518066,0.000000238418579,-0.000009045004845
			Property: "Lcl Rotation", "Lcl Rotation", "A+",-0.221331826486696,-0.000161393286731,0.000181579217966
			Property: "Lcl Scaling", "Lcl Scaling", "A+",1.0,1.0,1.0
		}
		MultiLayer: 0
		MultiTake: 1
		Shading: Y
		Culling: "CullingOff"
		TypeFlags: "Skeleton"
	}
	Model: "Model::B-f_ring_03.R", "Limb" {
		Version: 232
		Properties60:  {
			Property: "QuaternionInterpolate", "bool", "",0
			Property: "Lcl Translation", "Lcl Translation", "A+",3.491072893142700,0.000000476837158,-0.000007316470146
			Property: "Lcl Rotation", "Lcl Rotation", "A+",-1.135357372850435,3.637243926434875,-1.097262099476450
			Property: "Lcl Scaling", "Lcl Scaling", "A+",1.0,1.0,1.0
		}
		MultiLayer: 0
		MultiTake: 1
		Shading: Y
		Culling: "CullingOff"
		TypeFlags: "Skeleton"
	}
	Model: "Model::B-palm_04.R", "Limb" {
		Version: 232
		Properties60:  {
			Property: "QuaternionInterpolate", "bool", "",0
			Property: "Lcl Translation", "Lcl Translation", "A+",5.868004322052002,2.975205659866333,-1.202085614204407
			Property: "Lcl Rotation", "Lcl Rotation", "A+",-0.343391122255630,-8.629404431354281,19.496120995160357
			Property: "Lcl Scaling", "Lcl Scaling", "A+",1.0,1.0,1.0
		}
		MultiLayer: 0
		MultiTake: 1
		Shading: Y
		Culling: "CullingOff"
		TypeFlags: "Skeleton"
	}
	Model: "Model::B-f_pinky_01.R", "Limb" {
		Version: 232
		Properties60:  {
			Property: "QuaternionInterpolate", "bool", "",0
			Property: "Lcl Translation", "Lcl Translation", "A+",5.712854862213135,0.000000149011612,-0.000035132281482
			Property: "Lcl Rotation", "Lcl Rotation", "A+",5.618961415521874,-3.905852214602642,11.414492612598433
			Property: "Lcl Scaling", "Lcl Scaling", "A+",1.0,1.0,1.0
		}
		MultiLayer: 0
		MultiTake: 1
		Shading: Y
		Culling: "CullingOff"
		TypeFlags: "Skeleton"
	}
	Model: "Model::B-f_pinky_02.R", "Limb" {
		Version: 232
		Properties60:  {
			Property: "QuaternionInterpolate", "bool", "",0
			Property: "Lcl Translation", "Lcl Translation", "A+",3.135934352874756,0.000001013278961,-0.000003814697266
			Property: "Lcl Rotation", "Lcl Rotation", "A+",0.002501449853367,-0.000643852780521,0.000034350335790
			Property: "Lcl Scaling", "Lcl Scaling", "A+",1.0,1.0,1.0
		}
		MultiLayer: 0
		MultiTake: 1
		Shading: Y
		Culling: "CullingOff"
		TypeFlags: "Skeleton"
	}
	Model: "Model::B-f_pinky_03.R", "Limb" {
		Version: 232
		Properties60:  {
			Property: "QuaternionInterpolate", "bool", "",0
			Property: "Lcl Translation", "Lcl Translation", "A+",2.731657981872559,-0.000001311302185,0.000003695487976
			Property: "Lcl Rotation", "Lcl Rotation", "A+",-2.056054493248961,4.565964384674039,-1.568174614444180
			Property: "Lcl Scaling", "Lcl Scaling", "A+",1.0,1.0,1.0
		}
		MultiLayer: 0
		MultiTake: 1
		Shading: Y
		Culling: "CullingOff"
		TypeFlags: "Skeleton"
	}
	Model: "Model::B-thigh.L", "Limb" {
		Version: 232
		Properties60:  {
			Property: "QuaternionInterpolate", "bool", "",0
			Property: "Lcl Translation", "Lcl Translation", "A+",6.445566654205322,-7.564618110656738,0.487754136323929
			Property: "Lcl Rotation", "Lcl Rotation", "A+",5.148609829839731,-178.629828080060093,2.499907079385609
			Property: "Lcl Scaling", "Lcl Scaling", "A+",1.0,1.0,1.0
		}
		MultiLayer: 0
		MultiTake: 1
		Shading: Y
		Culling: "CullingOff"
		TypeFlags: "Skeleton"
	}
	Model: "Model::B-shin.L", "Limb" {
		Version: 232
		Properties60:  {
			Property: "QuaternionInterpolate", "bool", "",0
			Property: "Lcl Translation", "Lcl Translation", "A+",46.664806365966797,0.000003308057785,0.000000387430191
			Property: "Lcl Rotation", "Lcl Rotation", "A+",-3.263965977444575,-1.814466006550902,2.153490129966814
			Property: "Lcl Scaling", "Lcl Scaling", "A+",1.0,1.0,1.0
		}
		MultiLayer: 0
		MultiTake: 1
		Shading: Y
		Culling: "CullingOff"
		TypeFlags: "Skeleton"
	}
	Model: "Model::B-foot.L", "Limb" {
		Version: 232
		Properties60:  {
			Property: "QuaternionInterpolate", "bool", "",0
			Property: "Lcl Translation", "Lcl Translation", "A+",37.212940216064453,0.000004172325134,0.000000417232513
			Property: "Lcl Rotation", "Lcl Rotation", "A+",-1.147222798820906,57.667847237846736,-5.869427013706821
			Property: "Lcl Scaling", "Lcl Scaling", "A+",1.0,1.0,1.0
		}
		MultiLayer: 0
		MultiTake: 1
		Shading: Y
		Culling: "CullingOff"
		TypeFlags: "Skeleton"
	}
	Model: "Model::B-toe.L", "Limb" {
		Version: 232
		Properties60:  {
			Property: "QuaternionInterpolate", "bool", "",0
			Property: "Lcl Translation", "Lcl Translation", "A+",16.861284255981445,0.000001639127731,0.000000774860382
			Property: "Lcl Rotation", "Lcl Rotation", "A+",173.273907921645616,29.017942575541589,0.436207816866843
			Property: "Lcl Scaling", "Lcl Scaling", "A+",1.0,1.0,1.0
		}
		MultiLayer: 0
		MultiTake: 1
		Shading: Y
		Culling: "CullingOff"
		TypeFlags: "Skeleton"
	}
	Model: "Model::B-thigh.R", "Limb" {
		Version: 232
		Properties60:  {
			Property: "QuaternionInterpolate", "bool", "",0
			Property: "Lcl Translation", "Lcl Translation", "A+",6.445566177368164,7.564619064331055,0.487753838300705
			Property: "Lcl Rotation", "Lcl Rotation", "A+",-5.148627332199479,-178.629828080060093,-2.500022338827852
			Property: "Lcl Scaling", "Lcl Scaling", "A+",1.0,1.0,1.0
		}
		MultiLayer: 0
		MultiTake: 1
		Shading: Y
		Culling: "CullingOff"
		TypeFlags: "Skeleton"
	}
	Model: "Model::B-shin.R", "Limb" {
		Version: 232
		Properties60:  {
			Property: "QuaternionInterpolate", "bool", "",0
			Property: "Lcl Translation", "Lcl Translation", "A+",46.664813995361328,0.000003635883331,0.000000253319740
			Property: "Lcl Rotation", "Lcl Rotation", "A+",3.263969605982572,-1.814465366220668,-2.153490556853638
			Property: "Lcl Scaling", "Lcl Scaling", "A+",1.0,1.0,1.0
		}
		MultiLayer: 0
		MultiTake: 1
		Shading: Y
		Culling: "CullingOff"
		TypeFlags: "Skeleton"
	}
	Model: "Model::B-foot.R", "Limb" {
		Version: 232
		Properties60:  {
			Property: "QuaternionInterpolate", "bool", "",0
			Property: "Lcl Translation", "Lcl Translation", "A+",37.212940216064453,0.000001773238182,0.000000387430191
			Property: "Lcl Rotation", "Lcl Rotation", "A+",1.147209565329389,57.667847237846736,5.869419756630828
			Property: "Lcl Scaling", "Lcl Scaling", "A+",1.0,1.0,1.0
		}
		MultiLayer: 0
		MultiTake: 1
		Shading: Y
		Culling: "CullingOff"
		TypeFlags: "Skeleton"
	}
	Model: "Model::B-toe.R", "Limb" {
		Version: 232
		Properties60:  {
			Property: "QuaternionInterpolate", "bool", "",0
			Property: "Lcl Translation", "Lcl Translation", "A+",16.861286163330078,0.000002175569534,0.000000894069672
			Property: "Lcl Rotation", "Lcl Rotation", "A+",-173.273935242402302,29.017935745352418,-0.436200132904026
			Property: "Lcl Scaling", "Lcl Scaling", "A+",1.0,1.0,1.0
		}
		MultiLayer: 0
		MultiTake: 1
		Shading: Y
		Culling: "CullingOff"
		TypeFlags: "Skeleton"
	}
	Pose: "Pose::BIND_POSES", "BindPose" {
		Type: "BindPose"
		Version: 100
		Properties60:  {
		}
		NbPoseNodes: 63
		PoseNode:  {
			Node: "Model::ExampleRig01"
			Matrix: 1.000000000000000,0.000000000000000,0.000000000000000,0.000000000000000,0.000000000000000,1.000000000000000,0.000000043711388,0.000000000000000,0.000000000000000,-0.000000043711388,1.000000000000000,0.000000000000000,0.000000000000000,0.000000000000000,0.000000000000000,1.000000000000000
		}
		PoseNode:  {
			Node: "Model::root"
			Matrix: 1.000000000000000,-0.000000063040154,-0.000000000000009,0.000000000000000,0.000000075497901,1.000000000000000,0.000000131134158,0.000000000000000,0.000000000000001,-0.000000131134158,1.000000000000000,0.000000000000000,0.000000000000000,0.000000000000000,0.000000000000000,1.000000000000000
		}
		PoseNode:  {
			Node: "Model::B-hips"
			Matrix: 0.000000075497901,0.999702870845795,0.024377021938562,0.000000000000000,-1.000000000000000,0.000000028841072,0.000000003703054,0.000000000000000,0.000000000000001,-0.024377021938562,0.999702811241150,0.000000000000000,-0.000000000000005,88.539947509765625,-4.155278682708740,1.000000000000000
		}
		PoseNode:  {
			Node: "Model::B-spine"
			Matrix: 0.000000075497901,0.995546102523804,0.094276905059814,0.000000000000000,-1.000000000000000,0.000000028527246,0.000000008980348,0.000000000000000,0.000000000000000,-0.094276897609234,0.995545983314514,0.000000000000000,-0.000000000000004,106.480522155761719,-3.717810630798340,1.000000000000000
		}
		PoseNode:  {
			Node: "Model::B-chest"
			Matrix: 0.000000075497901,0.995742857456207,-0.092176012694836,0.000000000000000,-1.000000000000000,0.000000028542097,-0.000000005096457,0.000000000000000,0.000000000000000,0.092176057398319,0.995742678642273,0.000000000000000,-0.000000000000004,121.416687011718750,-2.303375720977783,1.000000000000000
		}
		PoseNode:  {
			Node: "Model::B-upperChest"
			Matrix: 0.000000075497901,0.999534904956818,-0.030499788001180,0.000000000000000,-1.000000000000000,0.000000028828389,-0.000000000440031,0.000000000000000,0.000000000000000,0.030499814078212,0.999534666538239,0.000000000000000,-0.000000000000004,135.567169189453125,-3.613287448883057,1.000000000000000
		}
		PoseNode:  {
			Node: "Model::B-neck"
			Matrix: 0.000000075497901,0.985392153263092,0.170301422476768,0.000000000000000,-1.000000000000000,0.000000027760642,0.000000014720039,0.000000000000000,-0.000000000000000,-0.170301452279091,0.985391914844513,0.000000000000000,-0.000000000000004,156.332183837890625,-4.246911048889160,1.000000000000000
		}
		PoseNode:  {
			Node: "Model::B-head"
			Matrix: 0.000000075497901,0.998644471168518,0.052051581442356,0.000000000000000,-1.000000000000000,0.000000028761164,0.000000005792424,0.000000000000000,0.000000000000000,-0.052051603794098,0.998644292354584,0.000000000000000,-0.000000000000004,163.019226074218750,-3.091216087341309,1.000000000000000
		}
		PoseNode:  {
			Node: "Model::B-jaw"
			Matrix: 0.000000075497958,-0.269735008478165,0.962934553623199,0.000000000000000,-1.000000000000000,-0.000003740306511,-0.000000954395773,0.000000000000000,0.000003814700904,-0.962934732437134,-0.269735127687454,0.000000000000000,-0.000000000000004,163.427993774414062,-3.253912925720215,1.000000000000000
		}
		PoseNode:  {
			Node: "Model::B-shoulder.L"
			Matrix: 0.969283580780029,-0.161235287785530,-0.185721933841705,0.000000000000000,-0.189095109701157,-0.005697221495211,-0.981942117214203,0.000000000000000,0.157265678048134,0.986899673938751,-0.036011043936014,0.000000000000000,-0.000000000000004,156.332183837890625,-4.246911048889160,1.000000000000000
		}
		PoseNode:  {
			Node: "Model::B-upper_arm.L"
			Matrix: 0.960456609725952,-0.259012132883072,-0.102156750857830,0.000000000000000,0.252837330102921,0.965003490447998,-0.069582723081112,0.000000000000000,0.116604335606098,0.041002131998539,0.992331564426422,0.000000000000000,15.657051086425781,146.782150268554688,-7.064735889434814,1.000000000000000
		}
		PoseNode:  {
			Node: "Model::B-forearm.L"
			Matrix: 0.915013432502747,-0.222586542367935,0.336460888385773,0.000000000000000,0.241339072585106,0.970334053039551,-0.014400488696992,0.000000000000000,-0.323274195194244,0.094377785921097,0.941587209701538,0.000000000000000,38.858757019042969,140.525207519531250,-9.532531738281250,1.000000000000000
		}
		PoseNode:  {
			Node: "Model::B-hand.L"
			Matrix: 0.903086483478546,-0.140444219112396,0.405846059322357,0.000000000000000,-0.391120344400406,0.121334031224251,0.912306427955627,0.000000000000000,-0.177371025085449,-0.982625901699066,0.054644532501698,0.000000000000000,63.375152587890625,134.561340332031250,-0.517573177814484,1.000000000000000
		}
		PoseNode:  {
			Node: "Model::B-palm_01.L"
			Matrix: 0.870374917984009,-0.217284947633743,0.441854715347290,0.000000000000000,-0.417288362979889,0.150853291153908,0.896166086196899,0.000000000000000,-0.261378616094589,-0.964381039142609,0.040628436952829,0.000000000000000,68.241401672363281,133.580520629882812,5.336654663085938,1.000000000000000
		}
		PoseNode:  {
			Node: "Model::B-f_index_01.L"
			Matrix: 0.869208693504333,-0.251557856798172,0.425670802593231,0.000000000000000,-0.400838255882263,0.145546019077301,0.904513716697693,0.000000000000000,-0.289492219686508,-0.956836104393005,0.025675859302282,0.000000000000000,73.963935852050781,132.151916503906250,8.241758346557617,1.000000000000000
		}
		PoseNode:  {
			Node: "Model::B-f_index_02.L"
			Matrix: 0.869206726551056,-0.251565277576447,0.425670444965363,0.000000000000000,-0.399348378181458,0.150448992848396,0.904370546340942,0.000000000000000,-0.291549921035767,-0.956075489521027,0.030309092253447,0.000000000000000,77.508552551269531,131.126068115234375,9.977636337280273,1.000000000000000
		}
		PoseNode:  {
			Node: "Model::B-f_index_03.L"
			Matrix: 0.875272095203400,-0.188499405980110,0.445384860038757,0.000000000000000,-0.425368577241898,0.138166561722755,0.894411385059357,0.000000000000000,-0.230133280158043,-0.972305655479431,0.040751624852419,0.000000000000000,80.596168518066406,130.232452392578125,11.489712715148926,1.000000000000000
		}
		PoseNode:  {
			Node: "Model::B-thumb_01.L"
			Matrix: 0.016629377380013,-0.328490883111954,0.944360852241516,0.000000000000000,-0.510385990142822,-0.814960479736328,-0.274492174386978,0.000000000000000,0.859785139560699,-0.477423846721649,-0.181209161877632,0.000000000000000,65.634307861328125,133.435836791992188,3.099492073059082,1.000000000000000
		}
		PoseNode:  {
			Node: "Model::B-thumb_02.L"
			Matrix: -0.230869635939598,-0.346403658390045,0.909232497215271,0.000000000000000,-0.892486989498138,-0.296782851219177,-0.339687317609787,0.000000000000000,0.387513786554337,-0.889901518821716,-0.240642383694649,0.000000000000000,65.725372314453125,131.636962890625000,8.270977020263672,1.000000000000000
		}
		PoseNode:  {
			Node: "Model::B-thumb_03.L"
			Matrix: -0.254615306854248,-0.277439236640930,0.926390051841736,0.000000000000000,-0.881645321846008,-0.327004462480545,-0.340249985456467,0.000000000000000,0.397332608699799,-0.903380215167999,-0.161342471837997,0.000000000000000,64.685234069824219,130.076309204101562,12.367345809936523,1.000000000000000
		}
		PoseNode:  {
			Node: "Model::B-palm_02.L"
			Matrix: 0.917297601699829,-0.255199849605560,0.305677711963654,0.000000000000000,-0.291548192501068,0.092448115348816,0.952078223228455,0.000000000000000,-0.271229565143585,-0.962458670139313,0.010399389080703,0.000000000000000,69.478187561035156,134.058242797851562,3.480790615081787,1.000000000000000
		}
		PoseNode:  {
			Node: "Model::B-f_middle_01.L"
